0011100110111100000111010
0000001010001110111001010
1001011101100011101111000
0111011010110000110000110
1000010100110101110000000
1111101111100111010101110
0100111011010111110101101
1110010110110111001010110
0001100000110000011010101
1111001000110100010101111
0010111010101010100100111
1101001000100100000101000
0000001011000100111101010
0100111101010111000110010
0110110001111100001011100
0111100010111000111001000
1000100000111010110000100
1111100011100011100100010
1101100101101110100101010
1011000010011111000100011
1011110000011101001100010
1010001110001110100000001
1110001100011111111001001
0000100100100100000011010
1100111000000010001100011
0011101010011101100111101
1000000100010111011101001
0111111001010111000111010
1001001100010111111110000
1111101001100101000011001
1001110000010000011100110
0101101000100001111111110
1110000110011010011011100
1010010001001011001000110
1110011011110001011010001
0001000011111111110100010
1000000111101100001000101
1001101110001010100011101
0110001101111011101011001
0101010001110011001011011
0110100001011110101110111
1111000100011110001000011
0111110101111101011111000
1100101010111100110010010
1111100111110001101110101
0010110111111001010010001
1101000110110010000111111
0000101110110001110101011
1000011111110000011000001
1001010011101001110110000
0101010101001001110011101
0111000011100101011100101
0111010010101011010011001
0100100010001111000010100
0001010110000011000001100
1011011011010100111011101
0111110101111100011011000
1111101100110000101000011
1010101011011001110100000
0000001110110110110110101
1010100110111100110111000
0111000110111010000000100
1101110100010011011000001
0100111111001011111010101
