1110110000001101001100001
0011101000000000111000101
0010001001111111101111001
1100010011010111010110110
0100011110011100011111100
1011110000001011110011101
1110100000110100110010111
1110100001011110111100011
1001111010001110001110100
0011011110000010001011110
0011110000110100011101100
0001000000011100111110111
1110001110001001110110110
0001000011110111010011000
1111111010100100011100101
0101111111110000000111110
0010100010100100010011110
0110101100000110001011110
0100010010000010101000010
0100001011100011001000010
0100100001101001011000010
0011100100101010101101101
1111110011001011000101011
1011000110110101110101101
1100111001011101111001000
0110011111011101011011111
1101011011101100001010011
1000001000000011101100101
1111010011001011000101011
0001000011111111100001000
1011111010110011011000010
0001000000011100100110111
1111100111100010101101010
1111010001100010100101010
0111001111100101011000000
1001000000001000010011000
1111110110110001000010101
0010010011001101111011111
1000010101000011011100101
1010110110001101111011111
1110001010011101110010010
1111010111110101111101011
1000100001111111110000100
0001110101001111110110110
1001101001000001110011001
1111111100011100100101010
1000001000001111001110000
1101011011000100110101110
1011111101011000011001111
1001110011011011101010110
0010100111110011101100001
0001011101110100101001100
1001111101111110010101110
1110010011110101110111110
1010010001011000100011111
1101000101010101011101000
0100111111010011001011000
0000011100011001000011110
1010011111100101001110110
0111101110101100101011011
1110001010110001001101110
1001010010000100010000100
1101000001011010010001000
1000111110111110001101100
