0011001011111010100011010
1110010011110111010111110
0000101100110101111011100
1010111110001101100011011
1111101001110011000001011
1100011111010101001110010
1100000101111110100110010
0101010110110001100010100
1101110010011110101111100
1100000000111111110000000
1111101000000101111110100
1100011010101001010101101
1111001100001101111110100
0010100100111001001111111
1000010101111010100001010
1110001000011111011001001
1000110110001101000001010
0001000011011000110110001
0010111111011000011101111
0000100010110001101101011
0101000010101111010100001
0110001111111100000000110
1010111001011111101100001
1110101101100011011000110
1001110011001001010000010
1100101010110110001101010
1101011011101100001010011
0010011100101010111110001
0101100110100000010011110
0110001101100011011000110
0100000101001100100111101
0011100101010110110010010
1001101011111010011100110
1101110100101000110001111
1001110010011110101111101
1010100111000110001111111
1111010111110011000110100
0011010001001001110011101
1101011111010111110101111
1100011011010111001110010
1001100101000011001111101
1111010111110101111101011
1011000110110001101100011
0101111101011111010111110
0000111011100100111001011
0100101010110001111111100
1101100011011001100011011
0111101110101111100011011
1111010100001010111100110
0010100101110110110000000
0111001100100101000001010
1101100100000111001110101
1110010010100000101000001
0001101100001010001000001
1110111000001010000110110
1011001001001101101100100
0110011010011001011111101
0101010110001101101010100
1000011011101101011110010
1001110010010101011000111
0101111101011110010011001
1110011100011000101001010
0001011001101011110010000
0001101100011011000111110
