1010010101011011001001001
1001011000101011110011000
0001101100000000101001001
0001110111101010000101011
1010110001111111100100101
0001010010011100100010011
0001010000000001011000110
0100000010011110011000010
0011100100111000001010001
0110011010010001011111101
1011001001001101101010100
1011100101111110110000101
1010111110101111101011111
1111101011111010011100100
1111100011011001000001110
1010011001001111010110011
1110001101100000000101001
0111110011000010100110010
1010101011110010011100100
0000010100110010011110101
1010010011011011000000001
0001011000100011111010111
0001110011100000000110110
1000110100000101000001010
0101101010100111000110001
0001001111010111110011000
1011100011011001000001110
0101111101011111010111110
0001111101110100111000001
1111101001100101000011001
1100011011000110110001101
0011100100111001001110010
1000001010000010101010000
0010100000101000001110111
1100011111111001001010101
0110001101100011001101100
1100101110111110101101100
1110100000010110011010011
1110011101011010101001001
0011011101101011111010111
1001111111100011010101001
1000001010000010110001101
0111110101111101011111000
1001100000101000011011000
1100000000111111110010010
0000110011110001000010101
1100000100110110001111101
1110010011001010000010110
1000111110110010011100000
0011100110000010100000101
1000001111111100011000111
0101100110101111001000000
0110110001101101011111010
1101010001101000001100111
1111101011111000110110001
1010011001010000110011111
1000001010000011100100111
1001100000101000011001111
1100100111000001000101100
0000101111110100110010100
0110111110001101010100000
1111010110011011000010100
0100100110110110010010011
0010110011010011001011001
